0.000000 0.100000 0.100000 0.100000 
0.043765 0.102103 0.098725 0.100074 
0.143765 0.107381 0.096103 0.100805 
0.243765 0.113322 0.093907 0.102337 
0.343765 0.119928 0.092162 0.104695 
0.443765 0.127195 0.090892 0.107897 
0.500000 0.131569 0.090394 0.110075 
0.500000 0.131569 0.090394 0.110075 
0.542883 0.135041 0.090122 0.111921 
0.642883 0.143587 0.089860 0.116853 
0.742883 0.152737 0.090135 0.122669 
0.842883 0.162454 0.090964 0.129373 
0.942883 0.172686 0.092364 0.136965 
1.000000 0.178736 0.093424 0.141695 
1.000000 0.178736 0.093424 0.141695 
1.041635 0.183231 0.094318 0.145322 
1.141635 0.194279 0.096887 0.154640 
1.241635 0.205603 0.100057 0.164790 
1.341635 0.217096 0.103831 0.175735 
1.441635 0.228636 0.108207 0.187424 
1.500000 0.235340 0.111037 0.194567 
1.500000 0.235340 0.111037 0.194567 
1.539671 0.239865 0.113076 0.199548 
1.639671 0.251096 0.118620 0.212519 
1.739671 0.261955 0.124731 0.226012 
1.839671 0.272299 0.131383 0.239929 
1.939671 0.281986 0.138545 0.254157 
2.000000 0.287458 0.143097 0.262840 
2.000000 0.287458 0.143097 0.262840 
2.039256 0.290852 0.146146 0.268515 
2.139256 0.298856 0.154203 0.282994 
2.239256 0.305864 0.162633 0.297400 
2.339256 0.311799 0.171378 0.311594 
2.439256 0.316610 0.180372 0.325438 
2.500000 0.318969 0.185927 0.333619 
2.500000 0.318969 0.185927 0.333619 
2.540174 0.320294 0.189630 0.338917 
2.640174 0.322775 0.198910 0.351654 
2.740174 0.324103 0.208218 0.363651 
2.840174 0.324307 0.217477 0.374795 
2.940174 0.323429 0.226607 0.384985 
3.000000 0.322408 0.231975 0.390588 
3.000000 0.322408 0.231975 0.390588 
3.040984 0.321502 0.235601 0.394201 
3.140984 0.318618 0.244239 0.402221 
3.240984 0.314833 0.252519 0.409059 
3.340984 0.310215 0.260373 0.414670 
3.440984 0.304836 0.267736 0.419018 
3.500000 0.301332 0.271825 0.420984 
3.500000 0.301332 0.271825 0.420984 
3.540647 0.298786 0.274525 0.422077 
3.640647 0.292093 0.280734 0.423858 
3.740647 0.284842 0.286291 0.424352 
3.840647 0.277096 0.291156 0.423574 
3.940647 0.268914 0.295295 0.421550 
4.000000 0.263875 0.297397 0.419771 
4.000000 0.263875 0.297397 0.419771 
4.041187 0.260305 0.298698 0.418290 
4.141187 0.251414 0.301307 0.413872 
4.241187 0.242244 0.303129 0.408328 
4.341187 0.232841 0.304157 0.401714 
4.441187 0.223246 0.304391 0.394085 
4.500000 0.217530 0.304159 0.389150 
4.500000 0.217530 0.304159 0.389150 
4.542120 0.213408 0.303826 0.385421 
4.642120 0.203545 0.302483 0.375948 
4.742120 0.193601 0.300376 0.365656 
4.842120 0.183606 0.297524 0.354616 
4.942120 0.173591 0.293952 0.342896 
5.000000 0.167795 0.291565 0.335830 
5.000000 0.167795 0.291565 0.335830 
5.040202 0.163774 0.289774 0.330809 
5.140202 0.153796 0.284858 0.317950 
5.240202 0.143875 0.279312 0.304619 
5.340202 0.134032 0.273173 0.290885 
5.440202 0.124289 0.266477 0.276813 
5.500000 0.118519 0.262224 0.268264 
5.500000 0.118519 0.262224 0.268264 
5.539184 0.114764 0.259341 0.262616 
5.639184 0.105280 0.251656 0.248063 
5.739184 0.095954 0.243537 0.233360 
5.839184 0.086803 0.235023 0.218565 
5.939184 0.077846 0.226158 0.203734 
6.000000 0.072499 0.220612 0.194720 
6.000000 0.072499 0.220612 0.194720 
6.038878 0.069123 0.217011 0.188966 
6.138878 0.060599 0.207569 0.174219 
6.238878 0.052314 0.197901 0.159587 
6.338878 0.044284 0.188046 0.145116 
6.438878 0.036522 0.178045 0.130848 
6.500000 0.031916 0.171877 0.122245 
6.500000 0.031916 0.171877 0.122245 
6.539160 0.029021 0.167908 0.116785 
6.639160 0.021838 0.157730 0.103043 
6.739160 0.014961 0.147519 0.089618 
6.839160 0.008404 0.137310 0.076542 
6.939160 0.002177 0.127138 0.063847 
7.000000 -0.001445 0.120981 0.056320 
7.000000 -0.001445 0.120981 0.056320 
7.040001 -0.003757 0.116950 0.051458 
7.140001 -0.009290 0.106947 0.039608 
7.240001 -0.014462 0.097075 0.028218 
7.340001 -0.019267 0.087360 0.017308 
7.440001 -0.023697 0.077831 0.006899 
7.500000 -0.026172 0.072213 0.000901 
7.500000 -0.026172 0.072213 0.000901 
7.509182 -0.026538 0.071360 -0.000000 
7.509182 -0.026538 0.071360 -0.000000 
7.550688 -0.028155 0.067530 -0.004018 
7.650688 -0.031774 0.058471 -0.013315 
7.750688 -0.035001 0.049671 -0.022062 
7.850688 -0.037832 0.041151 -0.030246 
7.950688 -0.040264 0.032929 -0.037855 
8.050688 -0.042295 0.025024 -0.044882 
8.150688 -0.043925 0.017452 -0.051317 
8.250688 -0.045152 0.010228 -0.057155 
8.350688 -0.045977 0.003366 -0.062392 
8.450688 -0.046402 -0.003122 -0.067023 
8.550688 -0.046427 -0.009223 -0.071047 
8.650688 -0.046053 -0.014930 -0.074463 
8.750688 -0.045285 -0.020232 -0.077272 
8.850688 -0.044123 -0.025122 -0.079475 
8.950688 -0.042569 -0.029593 -0.081073 
9.050688 -0.040627 -0.033640 -0.082071 
9.150688 -0.038299 -0.037259 -0.082472 
9.250688 -0.035585 -0.040446 -0.082281 
9.350688 -0.032488 -0.043199 -0.081502 
9.450688 -0.029008 -0.045515 -0.080140 
9.550688 -0.025146 -0.047393 -0.078202 
9.650688 -0.020901 -0.048833 -0.075693 
9.750688 -0.016271 -0.049835 -0.072617 
9.850688 -0.011255 -0.050399 -0.068982 
9.950688 -0.005849 -0.050528 -0.064790 
10.050688 -0.000050 -0.050221 -0.060047 
10.150688 0.006147 -0.049480 -0.054757 
10.250688 0.012748 -0.048308 -0.048923 
10.350688 0.019757 -0.046705 -0.042547 
10.450688 0.027181 -0.044674 -0.035631 
10.550688 0.035025 -0.042217 -0.028176 
10.650688 0.043296 -0.039334 -0.020182 
10.750688 0.051997 -0.036027 -0.011650 
10.850688 0.061131 -0.032297 -0.002577 
10.950688 0.070697 -0.028145 0.007036 
11.050688 0.080692 -0.023572 0.017192 
11.150688 0.091108 -0.018578 0.027889 
11.250688 0.101930 -0.013164 0.039128 
11.338864 0.111794 -0.008042 0.049486 
11.338864 0.111794 -0.008042 0.049486 
11.378566 0.116328 -0.005629 0.054286 
11.478566 0.127983 0.000740 0.066747 
11.578566 0.139942 0.007527 0.079731 
11.678566 0.152150 0.014729 0.093224 
11.778566 0.164541 0.022341 0.107208 
11.878566 0.177035 0.030359 0.121654 
11.978566 0.189543 0.038776 0.136530 
12.078566 0.201960 0.047580 0.151792 
12.178566 0.214173 0.056758 0.167387 
12.278566 0.226062 0.066293 0.183252 
12.378566 0.237501 0.076164 0.199314 
12.478566 0.248365 0.086344 0.215490 
12.578566 0.258531 0.096801 0.231686 
12.678566 0.267887 0.107500 0.247801 
12.778566 0.276329 0.118397 0.263726 
12.878566 0.283772 0.129445 0.279349 
12.978566 0.290147 0.140592 0.294553 
13.078566 0.295405 0.151782 0.309221 
13.178566 0.299518 0.162953 0.323240 
13.278566 0.302475 0.174040 0.336498 
13.378566 0.304286 0.184979 0.348893 
13.478566 0.304976 0.195702 0.360329 
13.578566 0.304581 0.206140 0.370721 
13.678566 0.303151 0.216228 0.379995 
13.778566 0.300742 0.225899 0.388087 
13.878566 0.297417 0.235091 0.394949 
13.978566 0.293241 0.243746 0.400542 
14.078566 0.288282 0.251808 0.404841 
14.178566 0.282608 0.259228 0.407834 
14.278566 0.276284 0.265962 0.409519 
14.378566 0.269375 0.271970 0.409903 
14.478566 0.261942 0.277220 0.409008 
14.578566 0.254043 0.281686 0.406858 
14.678566 0.245734 0.285348 0.403492 
14.778566 0.237066 0.288191 0.398951 
14.878566 0.228086 0.290207 0.393284 
14.978566 0.218839 0.291394 0.386546 
15.078566 0.209368 0.291755 0.378793 
15.168547 0.200684 0.291382 0.371002 
15.168547 0.200684 0.291382 0.371002 
15.210504 0.196590 0.290984 0.367119 
15.310504 0.186737 0.289472 0.357257 
15.410504 0.176774 0.287180 0.346594 
15.510504 0.166731 0.284132 0.335198 
15.610504 0.156634 0.280355 0.323137 
15.710504 0.146508 0.275878 0.310476 
15.810504 0.136376 0.270733 0.297285 
15.910504 0.126258 0.264956 0.283627 
16.010504 0.116176 0.258582 0.269566 
16.110504 0.106145 0.251651 0.255166 
16.210504 0.096184 0.244199 0.240485 
16.310504 0.086308 0.236269 0.225581 
16.410504 0.076531 0.227899 0.210510 
16.510504 0.066867 0.219131 0.195325 
16.610504 0.057328 0.210004 0.180074 
16.710504 0.047927 0.200558 0.164805 
16.810504 0.038675 0.190833 0.149562 
16.910504 0.029582 0.180866 0.134387 
17.010504 0.020658 0.170697 0.119318 
17.110504 0.011913 0.160361 0.104390 
17.210504 0.003355 0.149893 0.089639 
17.310504 -0.005005 0.139327 0.075093 
17.410504 -0.013162 0.128697 0.060781 
17.510504 -0.021106 0.118033 0.046729 
17.610504 -0.028831 0.107364 0.032961 
17.710504 -0.036329 0.096719 0.019497 
17.810504 -0.043595 0.086125 0.006357 
17.859834 -0.047091 0.080925 0.000000 
17.859834 -0.047091 0.080925 0.000000 
17.899340 -0.049849 0.076776 -0.005030 
17.999340 -0.056659 0.066344 -0.017513 
18.099340 -0.063220 0.056031 -0.029626 
18.199340 -0.069527 0.045858 -0.041359 
18.299340 -0.075578 0.035843 -0.052700 
18.399340 -0.081368 0.026004 -0.063640 
18.499340 -0.086896 0.016359 -0.074172 
18.599340 -0.092159 0.006921 -0.084289 
18.699340 -0.097157 -0.002294 -0.093987 
18.799340 -0.101890 -0.011276 -0.103261 
18.899340 -0.106359 -0.020011 -0.112109 
18.999340 -0.110565 -0.028491 -0.120530 
19.099340 -0.114511 -0.036707 -0.128524 
19.199340 -0.118201 -0.044650 -0.136092 
19.299340 -0.121640 -0.052314 -0.143235 
19.399340 -0.124833 -0.059694 -0.149958 
19.499340 -0.127788 -0.066784 -0.156265 
19.599340 -0.130511 -0.073582 -0.162161 
19.699340 -0.133011 -0.080084 -0.167653 
19.799340 -0.135298 -0.086290 -0.172749 
19.899340 -0.137383 -0.092199 -0.177458 
19.999340 -0.139275 -0.097810 -0.181789 
20.099340 -0.140988 -0.103126 -0.185755 
20.199340 -0.142533 -0.108149 -0.189366 
20.299340 -0.143925 -0.112882 -0.192636 
20.399340 -0.145176 -0.117329 -0.195579 
20.499340 -0.146301 -0.121494 -0.198211 
20.599340 -0.147315 -0.125384 -0.200546 
20.699340 -0.148234 -0.129006 -0.202603 
20.799340 -0.149072 -0.132366 -0.204398 
20.899340 -0.149845 -0.135473 -0.205950 
20.999340 -0.150569 -0.138336 -0.207279 
21.099340 -0.151261 -0.140965 -0.208403 
21.199340 -0.151936 -0.143370 -0.209345 
21.299340 -0.152611 -0.145562 -0.210124 
21.399340 -0.153301 -0.147552 -0.210762 
21.499340 -0.154022 -0.149354 -0.211281 
21.599340 -0.154790 -0.150981 -0.211703 
21.699340 -0.155620 -0.152445 -0.212050 
21.799340 -0.156527 -0.153760 -0.212346 
21.899340 -0.157525 -0.154941 -0.212611 
21.999340 -0.158629 -0.156002 -0.212870 
22.099340 -0.159850 -0.156959 -0.213144 
22.199340 -0.161202 -0.157827 -0.213455 
22.299340 -0.162695 -0.158621 -0.213826 
22.399340 -0.164341 -0.159356 -0.214277 
22.499340 -0.166149 -0.160049 -0.214830 
22.599340 -0.168127 -0.160715 -0.215504 
22.699340 -0.170281 -0.161369 -0.216319 
22.799340 -0.172616 -0.162027 -0.217292 
22.899340 -0.175136 -0.162705 -0.218442 
22.999340 -0.177843 -0.163417 -0.219783 
23.099340 -0.180735 -0.164178 -0.221331 
23.138666 -0.181923 -0.164494 -0.222000 
23.138666 -0.181923 -0.164494 -0.222000 
23.193137 -0.183614 -0.164949 -0.222983 
23.293137 -0.186857 -0.165844 -0.224966 
23.393137 -0.190272 -0.166827 -0.227188 
23.493137 -0.193848 -0.167910 -0.229657 
23.593137 -0.197573 -0.169105 -0.232377 
23.693137 -0.201433 -0.170421 -0.235351 
23.793137 -0.205410 -0.171868 -0.238579 
23.893137 -0.209483 -0.173454 -0.242058 
23.993137 -0.213630 -0.175184 -0.245782 
24.093137 -0.217826 -0.177064 -0.249744 
24.193137 -0.222043 -0.179097 -0.253930 
24.293137 -0.226253 -0.181285 -0.258328 
24.393137 -0.230426 -0.183628 -0.262918 
24.493137 -0.234529 -0.186124 -0.267680 
24.593137 -0.238530 -0.188770 -0.272590 
24.693137 -0.242398 -0.191560 -0.277622 
24.793137 -0.246101 -0.194486 -0.282748 
24.893137 -0.249608 -0.197540 -0.287935 
24.993137 -0.252890 -0.200709 -0.293150 
25.093137 -0.255919 -0.203981 -0.298359 
25.193137 -0.258672 -0.207340 -0.303526 
25.293137 -0.261126 -0.210772 -0.308613 
25.393137 -0.263263 -0.214256 -0.313584 
25.493137 -0.265068 -0.217775 -0.318402 
25.593137 -0.266528 -0.221308 -0.323031 
25.693137 -0.267638 -0.224834 -0.327435 
25.793137 -0.268392 -0.228331 -0.331581 
25.893137 -0.268790 -0.231777 -0.335437 
25.993137 -0.268835 -0.235149 -0.338974 
26.093137 -0.268533 -0.238425 -0.342165 
26.193137 -0.267895 -0.241584 -0.344988 
26.293137 -0.266931 -0.244604 -0.347421 
26.393137 -0.265657 -0.247465 -0.349448 
26.493137 -0.264089 -0.250147 -0.351056 
26.593137 -0.262246 -0.252632 -0.352234 
26.693137 -0.260149 -0.254904 -0.352977 
26.793137 -0.257819 -0.256948 -0.353283 
26.893137 -0.255278 -0.258750 -0.353153 
26.993137 -0.252551 -0.260300 -0.352591 
27.093137 -0.249660 -0.261588 -0.351606 
27.193137 -0.246632 -0.262606 -0.350210 
27.293137 -0.243490 -0.263351 -0.348417 
27.393137 -0.240260 -0.263818 -0.346244 
27.493137 -0.236966 -0.264007 -0.343712 
27.593137 -0.233633 -0.263919 -0.340844 
27.693137 -0.230287 -0.263558 -0.337664 
27.793137 -0.226951 -0.262929 -0.334199 
27.893137 -0.223650 -0.262039 -0.330478 
27.993137 -0.220407 -0.260898 -0.326531 
28.093137 -0.217246 -0.259516 -0.322391 
28.193137 -0.214190 -0.257906 -0.318089 
28.293137 -0.211260 -0.256083 -0.313659 
28.393137 -0.208479 -0.254062 -0.309136 
28.417498 -0.207826 -0.253541 -0.308023 
28.417498 -0.207826 -0.253541 -0.308023 
28.467199 -0.206527 -0.252447 -0.305746 
28.567199 -0.204055 -0.250123 -0.301144 
28.667199 -0.201786 -0.247651 -0.296544 
28.767199 -0.199742 -0.245050 -0.291982 
28.867199 -0.197939 -0.242341 -0.287494 
28.967199 -0.196396 -0.239547 -0.283113 
29.067199 -0.195127 -0.236689 -0.278875 
29.167199 -0.194149 -0.233790 -0.274812 
29.267199 -0.193474 -0.230874 -0.270957 
29.367199 -0.193115 -0.227963 -0.267342 
29.467199 -0.193082 -0.225080 -0.263998 
29.567199 -0.193383 -0.222249 -0.260952 
29.667199 -0.194026 -0.219493 -0.258233 
29.767199 -0.195015 -0.216835 -0.255867 
29.867199 -0.196351 -0.214297 -0.253877 
29.967199 -0.198035 -0.211900 -0.252285 
30.067199 -0.200061 -0.209667 -0.251110 
30.167199 -0.202423 -0.207616 -0.250369 
30.267199 -0.205111 -0.205766 -0.250076 
30.367199 -0.208111 -0.204137 -0.250241 
30.467199 -0.211406 -0.202744 -0.250872 
30.567199 -0.214973 -0.201603 -0.251974 
30.667199 -0.218788 -0.200727 -0.253546 
30.767199 -0.222821 -0.200127 -0.255584 
30.867199 -0.227038 -0.199813 -0.258081 
30.967199 -0.231404 -0.199794 -0.261024 
31.067199 -0.235877 -0.200073 -0.264397 
31.167199 -0.240414 -0.200655 -0.268177 
31.267199 -0.244970 -0.201538 -0.272339 
31.367199 -0.249498 -0.202721 -0.276853 
31.467199 -0.253950 -0.204199 -0.281682 
31.567199 -0.258276 -0.205963 -0.286789 
31.667199 -0.262430 -0.208002 -0.292130 
31.767199 -0.266364 -0.210303 -0.297659 
31.867199 -0.270037 -0.212849 -0.303325 
31.967199 -0.273406 -0.215621 -0.309079 
32.067199 -0.276436 -0.218596 -0.314864 
32.167199 -0.279095 -0.221750 -0.320628 
32.267199 -0.281357 -0.225057 -0.326315 
32.367199 -0.283199 -0.228488 -0.331870 
32.467199 -0.284607 -0.232014 -0.337239 
32.567199 -0.285570 -0.235602 -0.342372 
32.667199 -0.286083 -0.239221 -0.347217 
32.767199 -0.286148 -0.242837 -0.351729 
32.867199 -0.285769 -0.246418 -0.355865 
32.967199 -0.284957 -0.249931 -0.359587 
33.067199 -0.283725 -0.253343 -0.362860 
33.167199 -0.282092 -0.256623 -0.365655 
33.267199 -0.280077 -0.259742 -0.367946 
33.367199 -0.277704 -0.262670 -0.369716 
33.467199 -0.274997 -0.265382 -0.370949 
33.567199 -0.271985 -0.267853 -0.371637 
33.667199 -0.268694 -0.270061 -0.371775 
33.696331 -0.267687 -0.270652 -0.371712 
33.696331 -0.267687 -0.270652 -0.371712 
33.744532 -0.265976 -0.271576 -0.371505 
33.844532 -0.262264 -0.273271 -0.370674 
33.944532 -0.258354 -0.274656 -0.369308 
34.044532 -0.254278 -0.275718 -0.367419 
34.144532 -0.250066 -0.276450 -0.365026 
34.244532 -0.245748 -0.276845 -0.362150 
34.344532 -0.241353 -0.276900 -0.358816 
34.444532 -0.236910 -0.276615 -0.355051 
34.544532 -0.232450 -0.275992 -0.350885 
34.644532 -0.228000 -0.275036 -0.346354 
34.744532 -0.223588 -0.273756 -0.341490 
34.844532 -0.219242 -0.272161 -0.336333 
34.944532 -0.214990 -0.270265 -0.330920 
35.044532 -0.210857 -0.268082 -0.325291 
35.144532 -0.206869 -0.265628 -0.319488 
35.244532 -0.203052 -0.262923 -0.313553 
35.344532 -0.199431 -0.259986 -0.307529 
35.444532 -0.196030 -0.256840 -0.301457 
35.544532 -0.192872 -0.253507 -0.295381 
35.644532 -0.189980 -0.250012 -0.289344 
35.744532 -0.187376 -0.246381 -0.283389 
35.844532 -0.185081 -0.242640 -0.277557 
35.944532 -0.183116 -0.238815 -0.271891 
36.044532 -0.181499 -0.234935 -0.266430 
36.144532 -0.180249 -0.231028 -0.261216 
36.244532 -0.179383 -0.227121 -0.256288 
36.344532 -0.178915 -0.223243 -0.251681 
36.444532 -0.178859 -0.219423 -0.247434 
36.544532 -0.179227 -0.215689 -0.243580 
36.644532 -0.180028 -0.212069 -0.240152 
36.744532 -0.181269 -0.208591 -0.237181 
36.844532 -0.182953 -0.205281 -0.234697 
36.944532 -0.185082 -0.202166 -0.232724 
37.044532 -0.187652 -0.199271 -0.231287 
37.144532 -0.190656 -0.196621 -0.230407 
37.244532 -0.194085 -0.194238 -0.230100 
37.344532 -0.197921 -0.192146 -0.230380 
37.444532 -0.202144 -0.190363 -0.231257 
37.544532 -0.206727 -0.188909 -0.232737 
37.644532 -0.211640 -0.187799 -0.234820 
37.744532 -0.216843 -0.187049 -0.237503 
37.844532 -0.222294 -0.186671 -0.240775 
37.944532 -0.227944 -0.186673 -0.244622 
38.044532 -0.233740 -0.187062 -0.249021 
38.144532 -0.239622 -0.187841 -0.253947 
38.244532 -0.245529 -0.189012 -0.259365 
38.344532 -0.251394 -0.190570 -0.265236 
38.444532 -0.257153 -0.192508 -0.271514 
38.544532 -0.262737 -0.194816 -0.278147 
38.644532 -0.268081 -0.197480 -0.285078 
38.744532 -0.273120 -0.200480 -0.292246 
38.844532 -0.277796 -0.203796 -0.299584 
38.944532 -0.282055 -0.207401 -0.307022 
38.975163 -0.283268 -0.208559 -0.309310 
38.975163 -0.283268 -0.208559 -0.309310 
39.020298 -0.284973 -0.210307 -0.312682 
39.120298 -0.288385 -0.214348 -0.320123 
39.220298 -0.291265 -0.218589 -0.327465 
39.320298 -0.293585 -0.222994 -0.334634 
39.420298 -0.295328 -0.227524 -0.341559 
39.520298 -0.296483 -0.232136 -0.348172 
39.620298 -0.297048 -0.236789 -0.354408 
39.720298 -0.297026 -0.241438 -0.360205 
39.820298 -0.296431 -0.246041 -0.365508 
39.920298 -0.295278 -0.250555 -0.370267 
40.020298 -0.293591 -0.254937 -0.374439 
40.120298 -0.291396 -0.259146 -0.377987 
40.220298 -0.288722 -0.263143 -0.380880 
40.320298 -0.285602 -0.266893 -0.383096 
40.420298 -0.282070 -0.270360 -0.384618 
40.520298 -0.278162 -0.273513 -0.385436 
40.620298 -0.273916 -0.276325 -0.385548 
40.720298 -0.269368 -0.278770 -0.384956 
40.820298 -0.264554 -0.280829 -0.383671 
40.920298 -0.259514 -0.282484 -0.381707 
41.020298 -0.254282 -0.283721 -0.379085 
41.120298 -0.248895 -0.284531 -0.375828 
41.220298 -0.243389 -0.284907 -0.371968 
41.320298 -0.237798 -0.284848 -0.367536 
41.420298 -0.232155 -0.284355 -0.362571 
41.520298 -0.226495 -0.283432 -0.357110 
41.620298 -0.220849 -0.282088 -0.351198 
41.720298 -0.215250 -0.280333 -0.344878 
41.820298 -0.209727 -0.278182 -0.338197 
41.920298 -0.204312 -0.275651 -0.331203 
42.020298 -0.199033 -0.272760 -0.323946 
42.120298 -0.193920 -0.269530 -0.316474 
42.220298 -0.189001 -0.265985 -0.308840 
42.320298 -0.184304 -0.262151 -0.301095 
42.420298 -0.179857 -0.258054 -0.293288 
42.520298 -0.175685 -0.253724 -0.285472 
42.620298 -0.171816 -0.249191 -0.277697 
42.720298 -0.168276 -0.244485 -0.270014 
42.820298 -0.165088 -0.239638 -0.262472 
42.920298 -0.162279 -0.234684 -0.255120 
43.020298 -0.159871 -0.229656 -0.248007 
43.120298 -0.157888 -0.224586 -0.241179 
43.220298 -0.156352 -0.219510 -0.234682 
43.320298 -0.155284 -0.214461 -0.228562 
43.420298 -0.154704 -0.209474 -0.222861 
43.520298 -0.154630 -0.204582 -0.217621 
43.620298 -0.155078 -0.199818 -0.212884 
43.720298 -0.156063 -0.195217 -0.208686 
43.820298 -0.157598 -0.190810 -0.205065 
43.920298 -0.159690 -0.186630 -0.202055 
44.020298 -0.162346 -0.182707 -0.199687 
44.120298 -0.165568 -0.179073 -0.197992 
44.220298 -0.169353 -0.175756 -0.196994 
44.253996 -0.170754 -0.174715 -0.196820 
44.253996 -0.170754 -0.174715 -0.196820 
44.298619 -0.172706 -0.173398 -0.196716 
44.398619 -0.177471 -0.170715 -0.197018 
44.498619 -0.182763 -0.168424 -0.198071 
44.598619 -0.188556 -0.166547 -0.199888 
44.698619 -0.194815 -0.165106 -0.202474 
44.798619 -0.201499 -0.164120 -0.205829 
44.898619 -0.208558 -0.163606 -0.209947 
44.998619 -0.215933 -0.163576 -0.214814 
45.098619 -0.223555 -0.164041 -0.220410 
45.198619 -0.231349 -0.165009 -0.226706 
45.298619 -0.239232 -0.166481 -0.233664 
45.398619 -0.247113 -0.168455 -0.241239 
45.498619 -0.254900 -0.170927 -0.249376 
45.598619 -0.262497 -0.173885 -0.258011 
45.698619 -0.269806 -0.177313 -0.267073 
45.798619 -0.276736 -0.181190 -0.276482 
45.898619 -0.283197 -0.185490 -0.286152 
45.998619 -0.289108 -0.190182 -0.295992 
46.098619 -0.294397 -0.195229 -0.305905 
46.198619 -0.299005 -0.200589 -0.315793 
46.298619 -0.302882 -0.206218 -0.325555 
46.398619 -0.305994 -0.212066 -0.335093 
46.498619 -0.308317 -0.218081 -0.344308 
46.598619 -0.309843 -0.224208 -0.353109 
46.698619 -0.310572 -0.230390 -0.361407 
46.798619 -0.310518 -0.236569 -0.369120 
46.898619 -0.309703 -0.242687 -0.376174 
46.998619 -0.308154 -0.248686 -0.382502 
47.098619 -0.305909 -0.254510 -0.388050 
47.198619 -0.303008 -0.260106 -0.392768 
47.298619 -0.299494 -0.265420 -0.396619 
47.398619 -0.295415 -0.270405 -0.399575 
47.498619 -0.290818 -0.275015 -0.401617 
47.598619 -0.285751 -0.279211 -0.402734 
47.698619 -0.280263 -0.282956 -0.402926 
47.798619 -0.274401 -0.286218 -0.402199 
47.898619 -0.268213 -0.288971 -0.400568 
47.998619 -0.261742 -0.291193 -0.398055 
48.098619 -0.255035 -0.292867 -0.394689 
48.198619 -0.248132 -0.293982 -0.390501 
48.298619 -0.241075 -0.294531 -0.385532 
48.398619 -0.233904 -0.294511 -0.379825 
48.498619 -0.226656 -0.293924 -0.373427 
48.598619 -0.219367 -0.292779 -0.366389 
48.698619 -0.212074 -0.291084 -0.358763 
48.798619 -0.204810 -0.288855 -0.350606 
48.898619 -0.197608 -0.286109 -0.341973 
48.998619 -0.190499 -0.282869 -0.332925 
49.098619 -0.183516 -0.279157 -0.323519 
49.198619 -0.176689 -0.275001 -0.313817 
49.298619 -0.170046 -0.270430 -0.303877 
49.398619 -0.163618 -0.265475 -0.293760 
49.498619 -0.157432 -0.260170 -0.283525 
49.532828 -0.155377 -0.258280 -0.280008 
49.532828 -0.155377 -0.258280 -0.280008 
49.574904 -0.152894 -0.255908 -0.275675 
49.674904 -0.147206 -0.250069 -0.265377 
49.774904 -0.141837 -0.243978 -0.255122 
49.874904 -0.136815 -0.237672 -0.244967 
49.974904 -0.132168 -0.231189 -0.234969 
50.074904 -0.127923 -0.224569 -0.225181 
50.174904 -0.124105 -0.217851 -0.215657 
50.274904 -0.120741 -0.211073 -0.206449 
50.374904 -0.117858 -0.204275 -0.197607 
50.474904 -0.115480 -0.197496 -0.189182 
50.574904 -0.113634 -0.190775 -0.181220 
50.674904 -0.112344 -0.184151 -0.173769 
50.774904 -0.111635 -0.177662 -0.166874 
50.874904 -0.111529 -0.171346 -0.160578 
50.974904 -0.112049 -0.165240 -0.154924 
51.074904 -0.113216 -0.159381 -0.149953 
51.174904 -0.115050 -0.153804 -0.145704 
51.274904 -0.117567 -0.148544 -0.142214 
51.374904 -0.120785 -0.143636 -0.139520 
51.474904 -0.124713 -0.139114 -0.137655 
51.574904 -0.129360 -0.135008 -0.136650 
51.674904 -0.134730 -0.131352 -0.136534 
51.774904 -0.140819 -0.128173 -0.137334 
51.874904 -0.147620 -0.125503 -0.139070 
51.974904 -0.155112 -0.123366 -0.141762 
52.074904 -0.163271 -0.121788 -0.145423 
52.174904 -0.172056 -0.120793 -0.150061 
52.274904 -0.181419 -0.120400 -0.155675 
52.374904 -0.191293 -0.120629 -0.162261 
52.474904 -0.201601 -0.121493 -0.169801 
52.574904 -0.212248 -0.123004 -0.178272 
52.674904 -0.223128 -0.125168 -0.187636 
52.774904 -0.234119 -0.127987 -0.197846 
52.874904 -0.245087 -0.131458 -0.208840 
52.974904 -0.255892 -0.135572 -0.220545 
53.074904 -0.266386 -0.140312 -0.232873 
53.174904 -0.276425 -0.145657 -0.245724 
53.274904 -0.285866 -0.151575 -0.258987 
53.374904 -0.294577 -0.158031 -0.272540 
53.474904 -0.302440 -0.164979 -0.286252 
53.574904 -0.309355 -0.172368 -0.299986 
53.674904 -0.315243 -0.180140 -0.313602 
53.774904 -0.320046 -0.188230 -0.326959 
53.874904 -0.323729 -0.196568 -0.339919 
53.974904 -0.326279 -0.205081 -0.352348 
54.074904 -0.327702 -0.213690 -0.364118 
54.174904 -0.328022 -0.222318 -0.375113 
54.274904 -0.327277 -0.230884 -0.385225 
54.374904 -0.325516 -0.239307 -0.394362 
54.474904 -0.322797 -0.247511 -0.402443 
54.574904 -0.319185 -0.255418 -0.409400 
54.674904 -0.314746 -0.262958 -0.415181 
54.774904 -0.309549 -0.270064 -0.419746 
54.811660 -0.307462 -0.272553 -0.421114 
54.811660 -0.307462 -0.272553 -0.421114 
54.852584 -0.305033 -0.275243 -0.422438 
54.952584 -0.298658 -0.281425 -0.424789 
55.052584 -0.291713 -0.287014 -0.425885 
55.152584 -0.284259 -0.291964 -0.425733 
55.252584 -0.276359 -0.296238 -0.424352 
55.352584 -0.268068 -0.299803 -0.421768 
55.452584 -0.259440 -0.302636 -0.418018 
55.552584 -0.250525 -0.304717 -0.413144 
55.652584 -0.241371 -0.306035 -0.407197 
55.752584 -0.232019 -0.306586 -0.400231 
55.852584 -0.222512 -0.306370 -0.392304 
55.952584 -0.212888 -0.305394 -0.383480 
56.052584 -0.203182 -0.303669 -0.373825 
56.152584 -0.193426 -0.301211 -0.363406 
56.252584 -0.183653 -0.298043 -0.352291 
56.352584 -0.173892 -0.294187 -0.340551 
56.452584 -0.164171 -0.289674 -0.328255 
56.552584 -0.154514 -0.284534 -0.315474 
56.652584 -0.144948 -0.278802 -0.302274 
56.752584 -0.135496 -0.272513 -0.288725 
56.852584 -0.126180 -0.265706 -0.274893 
56.952584 -0.117022 -0.258421 -0.260841 
57.052584 -0.108044 -0.250699 -0.246633 
57.152584 -0.099264 -0.242580 -0.232330 
57.252584 -0.090703 -0.234108 -0.217989 
57.352584 -0.082380 -0.225324 -0.203667 
57.452584 -0.074312 -0.216271 -0.189418 
57.552584 -0.066519 -0.206991 -0.175292 
57.652584 -0.059017 -0.197526 -0.161339 
57.752584 -0.051823 -0.187916 -0.147606 
57.852584 -0.044954 -0.178202 -0.134135 
57.952584 -0.038426 -0.168423 -0.120969 
58.052584 -0.032255 -0.158618 -0.108148 
58.152584 -0.026455 -0.148824 -0.095709 
58.252584 -0.021042 -0.139078 -0.083686 
58.352584 -0.016029 -0.129413 -0.072112 
58.452584 -0.011429 -0.119864 -0.061019 
58.552584 -0.007257 -0.110463 -0.050435 
58.652584 -0.003523 -0.101240 -0.040386 
58.752584 -0.000240 -0.092227 -0.030899 
58.852584 0.002581 -0.083451 -0.021997 
58.952584 0.004930 -0.074938 -0.013700 
59.052584 0.006796 -0.066715 -0.006029 
59.152584 0.008171 -0.058806 0.000996 
59.252584 0.009045 -0.051234 0.007360 
59.352584 0.009409 -0.044020 0.013047 
59.452584 0.009255 -0.037186 0.018042 
59.552584 0.008574 -0.030750 0.022331 
59.652584 0.007357 -0.024730 0.025902 
59.752584 0.005597 -0.019145 0.028745 
59.852584 0.003285 -0.014009 0.030847 
59.952584 0.000410 -0.009338 0.032200 
60.052584 -0.003036 -0.005146 0.032794 
60.090493 -0.004493 -0.003684 0.032819 
60.090493 -0.004493 -0.003684 0.032819 
60.134179 -0.006277 -0.002089 0.032709 
60.234179 -0.010787 0.001200 0.031901 
60.334179 -0.015897 0.003975 0.030309 
60.434179 -0.021619 0.006225 0.027924 
60.534179 -0.027964 0.007938 0.024738 
60.634179 -0.034944 0.009105 0.020741 
60.734179 -0.042570 0.009716 0.015925 
60.834179 -0.050851 0.009761 0.010281 
60.934179 -0.059795 0.009231 0.003799 
60.987479 -0.064834 0.008711 -0.000000 
60.987479 -0.064834 0.008711 -0.000000 
61.030104 -0.069001 0.008175 -0.003212 
61.130104 -0.079253 0.006493 -0.011358 
61.230104 -0.090167 0.004212 -0.020364 
61.330104 -0.101729 0.001323 -0.030235 
61.430104 -0.113918 -0.002181 -0.040974 
61.530104 -0.126698 -0.006307 -0.052581 
61.630104 -0.140020 -0.011059 -0.065050 
61.730104 -0.153816 -0.016442 -0.078368 
61.830104 -0.168003 -0.022458 -0.092517 
61.930104 -0.182474 -0.029106 -0.107466 
62.030104 -0.197105 -0.036382 -0.123175 
62.130104 -0.211751 -0.044278 -0.139590 
62.230104 -0.226247 -0.052782 -0.156644 
62.330104 -0.240418 -0.061876 -0.174253 
62.430104 -0.254080 -0.071536 -0.192316 
62.530104 -0.267046 -0.081729 -0.210720 
62.630104 -0.279136 -0.092416 -0.229334 
62.730104 -0.290187 -0.103550 -0.248015 
62.830104 -0.300051 -0.115076 -0.266609 
62.930104 -0.308611 -0.126930 -0.284955 
63.030104 -0.315779 -0.139040 -0.302890 
63.130104 -0.321499 -0.151330 -0.320249 
63.230104 -0.325745 -0.163716 -0.336871 
63.330104 -0.328523 -0.176109 -0.352605 
63.430104 -0.329862 -0.188418 -0.367309 
63.530104 -0.329813 -0.200551 -0.380854 
63.630104 -0.328443 -0.212415 -0.393126 
63.730104 -0.325832 -0.223918 -0.404030 
63.830104 -0.322067 -0.234973 -0.413486 
63.930104 -0.317236 -0.245495 -0.421431 
64.030104 -0.311431 -0.255405 -0.427822 
64.130104 -0.304741 -0.264631 -0.432630 
64.230104 -0.297253 -0.273106 -0.435842 
64.330104 -0.289046 -0.280774 -0.437462 
64.430104 -0.280198 -0.287582 -0.437504 
64.530104 -0.270778 -0.293490 -0.435996 
64.630104 -0.260851 -0.298464 -0.432976 
64.730104 -0.250476 -0.302478 -0.428491 
64.830104 -0.239706 -0.305513 -0.422595 
64.930104 -0.228587 -0.307561 -0.415350 
65.030104 -0.217163 -0.308618 -0.406823 
65.130104 -0.205470 -0.308687 -0.397083 
65.230104 -0.193542 -0.307780 -0.386204 
65.330104 -0.181407 -0.305912 -0.374261 
65.430104 -0.169090 -0.303103 -0.361329 
65.530104 -0.156611 -0.299380 -0.347483 
65.630104 -0.143989 -0.294771 -0.332800 
65.730104 -0.131237 -0.289311 -0.317351 
65.830104 -0.118367 -0.283033 -0.301208 
65.930104 -0.105389 -0.275976 -0.284440 
66.030104 -0.092308 -0.268180 -0.267112 
66.130104 -0.079129 -0.259686 -0.249286 
66.230104 -0.065856 -0.250533 -0.231019 
66.330104 -0.052490 -0.240765 -0.212367 
66.430104 -0.039032 -0.230422 -0.193380 
66.530104 -0.025483 -0.219545 -0.174104 
66.630104 -0.011846 -0.208174 -0.154582 
66.730104 0.001879 -0.196349 -0.134851 
66.830104 0.015687 -0.184106 -0.114947 
66.930104 0.029569 -0.171482 -0.094903 
67.030104 0.043516 -0.158512 -0.074746 
67.130104 0.057511 -0.145229 -0.054506 
67.230104 0.071534 -0.131664 -0.034207 
67.330104 0.085555 -0.117848 -0.013875 
67.430104 0.099539 -0.103808 0.006465 
67.530104 0.113442 -0.089573 0.026786 
67.630104 0.127210 -0.075171 0.047058 
67.730104 0.140782 -0.060626 0.067251 
67.830104 0.154086 -0.045967 0.087327 
67.930104 0.167046 -0.031219 0.107247 
68.030104 0.179575 -0.016410 0.126964 
68.130104 0.191587 -0.001569 0.146426 
68.230104 0.202989 0.013273 0.165574 
68.330104 0.213693 0.028084 0.184347 
68.430104 0.223614 0.042828 0.202673 
68.530104 0.232671 0.057470 0.220478 
68.630104 0.240796 0.071968 0.237686 
68.730104 0.247931 0.086281 0.254217 
68.830104 0.254032 0.100363 0.269990 
68.930104 0.259070 0.114168 0.284925 
69.030104 0.263029 0.127648 0.298945 
69.130104 0.265908 0.140752 0.311977 
69.230104 0.267721 0.153431 0.323954 
69.330104 0.268491 0.165634 0.334816 
69.430104 0.268253 0.177313 0.344510 
69.530104 0.267051 0.188419 0.352991 
69.630104 0.264932 0.198908 0.360226 
69.730104 0.261952 0.208735 0.366189 
69.830104 0.258166 0.217862 0.370866 
69.930104 0.253633 0.226253 0.374250 
70.030104 0.248412 0.233876 0.376345 
70.130104 0.242560 0.240706 0.377163 
70.230104 0.236133 0.246719 0.376724 
70.330104 0.229185 0.251899 0.375056 
70.430104 0.221769 0.256233 0.372194 
70.530104 0.213931 0.259715 0.368177 
70.630104 0.205718 0.262343 0.363053 
70.730104 0.197173 0.264118 0.356870 
70.830104 0.188335 0.265049 0.349682 
70.930104 0.179239 0.265146 0.341546 
71.030104 0.169921 0.264426 0.332520 
71.130104 0.160410 0.262907 0.322665 
71.230104 0.150733 0.260611 0.312041 
71.330104 0.140918 0.257565 0.300710 
71.430104 0.130985 0.253796 0.288732 
71.530104 0.120956 0.249335 0.276168 
71.630104 0.110850 0.244214 0.263076 
71.730104 0.100682 0.238466 0.249514 
71.830104 0.090467 0.232127 0.235537 
71.930104 0.080219 0.225232 0.221199 
72.030104 0.069948 0.217819 0.206551 
72.130104 0.059665 0.209922 0.191641 
72.230104 0.049379 0.201579 0.176514 
72.330104 0.039098 0.192826 0.161215 
72.430104 0.028827 0.183699 0.145782 
72.530104 0.018575 0.174232 0.130252 
72.630104 0.008347 0.164460 0.114661 
72.730104 -0.001851 0.154416 0.099040 
72.830104 -0.012014 0.144131 0.083417 
72.930104 -0.022136 0.133635 0.067819 
73.030104 -0.032209 0.122959 0.052270 
73.130104 -0.042227 0.112129 0.036793 
73.230104 -0.052182 0.101172 0.021406 
73.330104 -0.062064 0.090113 0.006128 
73.430104 -0.071861 0.078976 -0.009024 
73.530104 -0.081562 0.067782 -0.024035 
73.630104 -0.091152 0.056552 -0.038888 
73.730104 -0.100613 0.045307 -0.053571 
73.830104 -0.109927 0.034064 -0.068068 
73.930104 -0.119074 0.022842 -0.082364 
74.030104 -0.128029 0.011658 -0.096446 
74.130104 -0.136768 0.000528 -0.110296 
74.230104 -0.145264 -0.010533 -0.123899 
74.330104 -0.153489 -0.021508 -0.137236 
74.430104 -0.161413 -0.032383 -0.150288 
74.530104 -0.169006 -0.043141 -0.163035 
74.630104 -0.176239 -0.053768 -0.175454 
74.730104 -0.183082 -0.064247 -0.187521 
74.830104 -0.189508 -0.074563 -0.199212 
74.930104 -0.195490 -0.084698 -0.210501 
75.030104 -0.201005 -0.094636 -0.221362 
75.130104 -0.206031 -0.104359 -0.231766 
75.230104 -0.210552 -0.113850 -0.241687 
75.330104 -0.214555 -0.123089 -0.251098 
75.430104 -0.218030 -0.132060 -0.259972 
75.530104 -0.220973 -0.140742 -0.268284 
75.630104 -0.223382 -0.149117 -0.276010 
75.730104 -0.225263 -0.157167 -0.283130 
75.830104 -0.226623 -0.164874 -0.289624 
75.930104 -0.227474 -0.172219 -0.295475 
76.030104 -0.227831 -0.179186 -0.300671 
76.130104 -0.227713 -0.185760 -0.305201 
76.230104 -0.227142 -0.191924 -0.309060 
76.330104 -0.226142 -0.197667 -0.312244 
76.430104 -0.224739 -0.202976 -0.314756 
76.530104 -0.222960 -0.207841 -0.316599 
76.630104 -0.220835 -0.212255 -0.317783 
76.730104 -0.218395 -0.216210 -0.318320 
76.830104 -0.215669 -0.219703 -0.318226 
76.930104 -0.212689 -0.222732 -0.317520 
77.030104 -0.209488 -0.225297 -0.316225 
77.130104 -0.206096 -0.227401 -0.314367 
77.230104 -0.202544 -0.229048 -0.311974 
77.330104 -0.198866 -0.230246 -0.309077 
77.430104 -0.195090 -0.231003 -0.305710 
77.530104 -0.191249 -0.231331 -0.301907 
77.630104 -0.187372 -0.231243 -0.297706 
77.730104 -0.183489 -0.230755 -0.293146 
77.830104 -0.179629 -0.229882 -0.288266 
77.930104 -0.175822 -0.228645 -0.283109 
78.030104 -0.172095 -0.227063 -0.277716 
78.130104 -0.168476 -0.225159 -0.272129 
78.230104 -0.164993 -0.222956 -0.266394 
78.330104 -0.161672 -0.220478 -0.260551 
78.430104 -0.158540 -0.217751 -0.254647 
78.530104 -0.155623 -0.214801 -0.248724 
78.630104 -0.152947 -0.211656 -0.242826 
78.730104 -0.150535 -0.208345 -0.236996 
78.830104 -0.148413 -0.204896 -0.231278 
78.930104 -0.146605 -0.201338 -0.225714 
79.030104 -0.145133 -0.197701 -0.220345 
79.130104 -0.144019 -0.194015 -0.215214 
79.230104 -0.143286 -0.190310 -0.210360 
79.330104 -0.142954 -0.186616 -0.205822 
79.430104 -0.143043 -0.182964 -0.201640 
79.530104 -0.143569 -0.179383 -0.197850 
79.630104 -0.144551 -0.175904 -0.194489 
79.730104 -0.146003 -0.172556 -0.191591 
79.830104 -0.147937 -0.169368 -0.189189 
79.930104 -0.150363 -0.166368 -0.187315 
80.030104 -0.153290 -0.163584 -0.185998 
80.130104 -0.156720 -0.161044 -0.185265 
80.230104 -0.160654 -0.158774 -0.185141 
80.330104 -0.165087 -0.156799 -0.185647 
80.430104 -0.170009 -0.155144 -0.186804 
80.530104 -0.175406 -0.153830 -0.188625 
80.630104 -0.181255 -0.152880 -0.191122 
80.730104 -0.187528 -0.152312 -0.194302 
80.830104 -0.194188 -0.152144 -0.198165 
80.930104 -0.201193 -0.152392 -0.202708 
81.030104 -0.208489 -0.153068 -0.207920 
81.130104 -0.216017 -0.154181 -0.213785 
81.230104 -0.223709 -0.155739 -0.220278 
81.330104 -0.231491 -0.157745 -0.227367 
81.430104 -0.239282 -0.160198 -0.235013 
81.530104 -0.246996 -0.163094 -0.243167 
81.630104 -0.254546 -0.166423 -0.251773 
81.730104 -0.261843 -0.170173 -0.260769 
81.830104 -0.268799 -0.174325 -0.270082 
81.930104 -0.275329 -0.178857 -0.279637 
82.030104 -0.281357 -0.183740 -0.289348 
82.130104 -0.286811 -0.188943 -0.299130 
82.230104 -0.291630 -0.194428 -0.308891 
82.330104 -0.295765 -0.200155 -0.318540 
82.430104 -0.299177 -0.206080 -0.327983 
82.530104 -0.301839 -0.212155 -0.337129 
82.630104 -0.303737 -0.218329 -0.345891 
82.730104 -0.304868 -0.224550 -0.354184 
82.830104 -0.305238 -0.230764 -0.361929 
82.930104 -0.304864 -0.236919 -0.369056 
82.982578 -0.304378 -0.240106 -0.372525 
82.982578 -0.304378 -0.240106 -0.372525 
83.026883 -0.303816 -0.242767 -0.375302 
83.126883 -0.302054 -0.248646 -0.381029 
83.226883 -0.299637 -0.254308 -0.385969 
83.326883 -0.296606 -0.259703 -0.390083 
83.426883 -0.293004 -0.264786 -0.393341 
83.526883 -0.288875 -0.269513 -0.395721 
83.626883 -0.284266 -0.273845 -0.397211 
83.726883 -0.279223 -0.277745 -0.397805 
83.826883 -0.273793 -0.281182 -0.397509 
83.926883 -0.268020 -0.284131 -0.396332 
84.026883 -0.261951 -0.286568 -0.394294 
84.126883 -0.255628 -0.288477 -0.391418 
84.226883 -0.249094 -0.289844 -0.387735 
84.326883 -0.242390 -0.290662 -0.383281 
84.426883 -0.235556 -0.290928 -0.378095 
84.526883 -0.228628 -0.290641 -0.372221 
84.626883 -0.221645 -0.289808 -0.365708 
84.726883 -0.214642 -0.288437 -0.358606 
84.826883 -0.207653 -0.286540 -0.350968 
84.926883 -0.200711 -0.284136 -0.342847 
85.026883 -0.193850 -0.281242 -0.334302 
85.126883 -0.187099 -0.277881 -0.325388 
85.226883 -0.180491 -0.274079 -0.316165 
85.326883 -0.174055 -0.269863 -0.306690 
85.426883 -0.167820 -0.265263 -0.297023 
85.526883 -0.161815 -0.260310 -0.287221 
85.626883 -0.156070 -0.255038 -0.277343 
85.726883 -0.150611 -0.249481 -0.267446 
85.826883 -0.145467 -0.243674 -0.257588 
85.926883 -0.140665 -0.237655 -0.247823 
86.026883 -0.136232 -0.231461 -0.238208 
86.126883 -0.132195 -0.225130 -0.228795 
86.226883 -0.128580 -0.218699 -0.219638 
86.326883 -0.125415 -0.212208 -0.210788 
86.426883 -0.122724 -0.205696 -0.202296 
86.526883 -0.120534 -0.199200 -0.194210 
86.626883 -0.118869 -0.192759 -0.186579 
86.726883 -0.117753 -0.186411 -0.179448 
86.826883 -0.117211 -0.180194 -0.172862 
86.926883 -0.117264 -0.174145 -0.166865 
87.026883 -0.117935 -0.168301 -0.161500 
87.126883 -0.119244 -0.162699 -0.156805 
87.226883 -0.121209 -0.157372 -0.152821 
87.326883 -0.123846 -0.152357 -0.149585 
87.426883 -0.127167 -0.147688 -0.147130 
87.526883 -0.131184 -0.143396 -0.145491 
87.626883 -0.135902 -0.139513 -0.144698 
87.726883 -0.141320 -0.136072 -0.144778 
87.826883 -0.147434 -0.133100 -0.145755 
87.926883 -0.154230 -0.130626 -0.147651 
88.026883 -0.161688 -0.128676 -0.150480 
88.126883 -0.169775 -0.127274 -0.154256 
88.226883 -0.178450 -0.126443 -0.158981 
88.326883 -0.187658 -0.126201 -0.164655 
88.426883 -0.197331 -0.126566 -0.171268 
88.526883 -0.207388 -0.127551 -0.178800 
88.626883 -0.217732 -0.129166 -0.187224 
88.726883 -0.228257 -0.131414 -0.196499 
88.826883 -0.238840 -0.134297 -0.206573 
88.926883 -0.249353 -0.137809 -0.217384 
89.026883 -0.259658 -0.141939 -0.228855 
89.126883 -0.269616 -0.146669 -0.240896 
89.226883 -0.279089 -0.151975 -0.253409 
89.326883 -0.287945 -0.157825 -0.266280 
89.426883 -0.296063 -0.164182 -0.279391 
89.526883 -0.303336 -0.171000 -0.292613 
89.626883 -0.309675 -0.178226 -0.305813 
89.726883 -0.315010 -0.185803 -0.318857 
89.826883 -0.319294 -0.193667 -0.331610 
89.926883 -0.322498 -0.201748 -0.343940 
90.026883 -0.324615 -0.209976 -0.355719 
90.126883 -0.325656 -0.218273 -0.366829 
90.226883 -0.325645 -0.226565 -0.377161 
90.326883 -0.324622 -0.234773 -0.386614 
90.426883 -0.322636 -0.242821 -0.395104 
90.526883 -0.319743 -0.250636 -0.402555 
90.626883 -0.316004 -0.258144 -0.408907 
90.726883 -0.311484 -0.265278 -0.414113 
90.826883 -0.306249 -0.271974 -0.418139 
90.926883 -0.300365 -0.278174 -0.420963 
91.026883 -0.293896 -0.283825 -0.422576 
91.126883 -0.286904 -0.288880 -0.422980 
91.226883 -0.279450 -0.293300 -0.422187 
91.326883 -0.271590 -0.297049 -0.420219 
91.426883 -0.263378 -0.300103 -0.417106 
91.526883 -0.254866 -0.302438 -0.412888 
91.626883 -0.246101 -0.304042 -0.407608 
91.726883 -0.237128 -0.304907 -0.401317 
91.826883 -0.227989 -0.305030 -0.394071 
91.926883 -0.218724 -0.304416 -0.385929 
92.026883 -0.209369 -0.303072 -0.376954 
92.126883 -0.199960 -0.301013 -0.367211 
92.226883 -0.190529 -0.298258 -0.356766 
92.326883 -0.181107 -0.294828 -0.345688 
92.426883 -0.171723 -0.290749 -0.334045 
92.526883 -0.162406 -0.286052 -0.321906 
92.626883 -0.153181 -0.280768 -0.309338 
92.726883 -0.144075 -0.274932 -0.296411 
92.826883 -0.135111 -0.268580 -0.283189 
92.926883 -0.126313 -0.261752 -0.269738 
93.026883 -0.117704 -0.254486 -0.256122 
93.126883 -0.109307 -0.246824 -0.242402 
93.226883 -0.101142 -0.238806 -0.228638 
93.326883 -0.093230 -0.230476 -0.214888 
93.426883 -0.085593 -0.221874 -0.201207 
93.526883 -0.078250 -0.213044 -0.187649 
93.626883 -0.071221 -0.204027 -0.174265 
93.726883 -0.064526 -0.194864 -0.161104 
93.826883 -0.058183 -0.185596 -0.148213 
93.926883 -0.052211 -0.176265 -0.135636 
94.026883 -0.046629 -0.166908 -0.123416 
94.126883 -0.041454 -0.157564 -0.111593 
94.226883 -0.036704 -0.148272 -0.100206 
94.326883 -0.032396 -0.139067 -0.089292 
94.426883 -0.028547 -0.129984 -0.078883 
94.526883 -0.025173 -0.121059 -0.069015 
94.626883 -0.022291 -0.112323 -0.059716 
94.726883 -0.019915 -0.103809 -0.051018 
94.826883 -0.018061 -0.095546 -0.042947 
94.926883 -0.016745 -0.087565 -0.035529 
95.026883 -0.015981 -0.079894 -0.028791 
95.126883 -0.015783 -0.072560 -0.022754 
95.226883 -0.016167 -0.065588 -0.017443 
95.326883 -0.017147 -0.059004 -0.012877 
95.426883 -0.018737 -0.052830 -0.009078 
95.526883 -0.020953 -0.047091 -0.006065 
95.626883 -0.023809 -0.041807 -0.003857 
95.726883 -0.027321 -0.036999 -0.002471 
95.826883 -0.031502 -0.032688 -0.001927 
95.926883 -0.036370 -0.028892 -0.002240 
96.026883 -0.041938 -0.025630 -0.003428 
96.126883 -0.048220 -0.022920 -0.005507 
96.226883 -0.055231 -0.020778 -0.008493 
96.326883 -0.062981 -0.019221 -0.012403 
96.426883 -0.071478 -0.018266 -0.017250 
96.526883 -0.080728 -0.017927 -0.023050 
96.626883 -0.090730 -0.018220 -0.029814 
96.726883 -0.101476 -0.019158 -0.037555 
96.826883 -0.112949 -0.020754 -0.046280 
96.926883 -0.125121 -0.023022 -0.055995 
97.026883 -0.137948 -0.025971 -0.066699 
97.126883 -0.151370 -0.029612 -0.078387 
97.226883 -0.165310 -0.033951 -0.091045 
97.326883 -0.179668 -0.038995 -0.104650 
97.426883 -0.194322 -0.044743 -0.119166 
97.526883 -0.209127 -0.051193 -0.134547 
97.626883 -0.223919 -0.058338 -0.150729 
97.726883 -0.238515 -0.066166 -0.167634 
97.826883 -0.252721 -0.074654 -0.185164 
97.926883 -0.266337 -0.083778 -0.203206 
98.026883 -0.279163 -0.093500 -0.221630 
98.126883 -0.291015 -0.103777 -0.240288 
98.226883 -0.301722 -0.114556 -0.259022 
98.326883 -0.311144 -0.125775 -0.277664 
98.426883 -0.319169 -0.137363 -0.296037 
98.526883 -0.325721 -0.149241 -0.313966 
98.626883 -0.330758 -0.161324 -0.331276 
98.726883 -0.334270 -0.173521 -0.347798 
98.826883 -0.336279 -0.185736 -0.363375 
98.926883 -0.336829 -0.197871 -0.377861 
99.026883 -0.335985 -0.209828 -0.391126 
99.126883 -0.333826 -0.221509 -0.403058 
99.226883 -0.330441 -0.232816 -0.413561 
99.326883 -0.325923 -0.243659 -0.422560 
99.426883 -0.320368 -0.253949 -0.429998 
99.526883 -0.313870 -0.263606 -0.435834 
99.626883 -0.306521 -0.272555 -0.440046 
99.726883 -0.298406 -0.280730 -0.442627 
99.826883 -0.289607 -0.288072 -0.443586 
99.926883 -0.280199 -0.294533 -0.442943 
100 -0.280199 -0.294533 -0.442943 
